61 105 32 28 75 32 
61 108 33 30 73 34 
65 105 35 32 76 39 
66 107 38 32 77 41 
63 103 42 37 82 38 
62 107 44 37 81 40 
62 108 46 32 81 35 
62 107 46 28 79 40 
63 102 41 29 81 43 
65 107 39 29 78 48 
69 112 37 34 74 44 
70 115 37 34 71 43 
71 116 37 35 71 38 
67 115 37 36 71 40 
66 110 40 35 70 35 
64 108 40 38 69 37 
67 105 35 41 71 39 
66 101 35 38 73 43 
61 106 33 41 72 39 
62 103 37 38 70 40 
62 107 37 40 69 41 
58 112 39 44 74 43 
53 114 36 39 69 48 
55 119 32 35 74 52 
59 123 33 36 70 54 
63 127 35 36 73 50 
61 122 40 35 75 49 
61 124 41 33 72 53 
65 127 38 28 67 57 
69 126 42 31 69 61 
67 125 47 31 74 66 
70 130 51 27 79 67 
75 135 55 26 78 67 
78 132 58 29 79 71 
82 135 56 29 81 76 
82 133 53 34 85 74 
87 138 49 39 85 76 
92 140 47 36 89 79 
90 144 43 36 87 79 
95 140 45 32 87 83 
94 143 45 32 92 83 
95 140 40 35 93 80 
100 144 39 31 95 83 
97 149 38 32 90 79 
96 152 40 29 89 83 
95 149 39 31 92 81 
93 154 43 26 95 79 
92 149 44 31 96 82 
96 144 39 35 94 84 
91 140 37 34 97 85 
88 140 37 37 97 89 
87 137 34 36 102 87 
82 132 39 33 97 84 
83 134 42 28 97 80 
80 131 40 28 100 83 
85 128 35 32 96 79 
80 123 40 33 97 75 
76 121 42 28 99 79 
79 124 45 27 95 79 
76 120 48 27 100 74 
73 121 48 26 102 77 
72 118 51 29 105 77 
68 117 56 29 106 82 
68 118 51 27 109 84 
71 115 53 29 112 88 
73 115 53 28 115 90 
71 116 58 27 110 95 
74 115 59 29 107 97 
72 120 55 32 106 94 
72 124 54 32 111 96 
67 129 56 29 113 93 
65 124 57 33 111 97 
64 119 62 37 115 95 
62 124 65 42 110 99 
59 121 60 39 114 95 
56 120 58 44 112 98 
57 122 63 47 113 96 
59 118 59 47 114 100 
60 123 63 52 112 100 
61 121 66 47 116 104 
63 124 69 48 113 107 
63 121 66 43 116 108 
67 125 71 48 120 112 
65 129 70 47 124 112 
60 128 67 50 123 112 
56 129 68 47 119 110 
56 124 68 47 118 106 
61 123 67 42 121 104 
65 122 66 41 117 102 
66 127 63 41 113 103 
64 127 67 41 108 100 
61 131 70 42 112 102 
57 129 65 43 117 99 
56 133 65 41 113 101 
53 134 63 42 115 96 
51 129 68 38 118 91 
55 125 73 43 120 89 
54 124 68 46 124 92 
51 120 63 43 120 97 
51 125 62 39 124 97 
55 126 66 35 122 96 
52 128 65 38 122 98 
56 125 61 35 118 102 
61 130 64 33 116 106 
56 131 67 28 112 101 
59 134 65 30 111 97 
62 136 66 33 109 97 
62 136 68 33 106 97 
66 131 71 33 106 96 
69 135 70 37 107 101 
64 135 70 35 107 100 
67 134 67 31 106 100 
72 131 66 36 109 97 
77 132 65 31 109 94 
81 132 68 30 111 90 
83 129 69 32 114 91 
88 127 74 36 119 86 
89 132 69 39 116 84 
92 136 65 40 111 81 
96 131 67 37 107 81 
97 129 64 36 105 86 
98 128 59 36 110 89 
94 123 54 40 112 86 
90 118 58 40 112 85 
93 118 58 40 109 90 
92 120 62 44 105 93 
91 122 60 47 103 97 
88 124 61 50 99 102 
89 124 59 54 100 106 
86 127 54 55 99 102 
84 128 51 59 95 107 
79 131 53 60 92 103 
74 133 52 59 93 105 
74 137 55 64 92 107 
71 136 55 64 92 108 
75 132 51 63 92 106 
80 130 51 58 88 101 
76 130 51 53 86 99 
81 134 50 57 90 100 
77 131 49 60 95 104 
79 128 47 65 96 107 
74 128 42 62 96 111 
72 133 43 66 91 112 
67 128 46 69 89 109 
72 133 46 66 86 113 
68 130 43 61 86 111 
71 125 43 60 87 110 
66 126 42 65 82 112 
62 123 46 63 85 115 
67 118 47 60 86 119 
63 117 45 64 87 122 
58 115 42 65 82 119 
58 116 41 62 87 115 
59 120 43 65 83 118 
55 121 48 63 86 115 
50 121 46 62 82 117 
48 117 44 62 81 115 
49 118 49 64 79 118 
53 115 53 64 76 120 
57 117 53 63 77 122 
60 116 51 59 82 126 
60 116 53 55 83 126 
61 117 48 54 85 125 
59 121 49 55 84 122 
61 125 50 52 88 124 
56 126 52 53 86 129 
55 131 54 49 85 131 
53 132 49 47 85 136 
57 137 48 44 83 134 
57 142 48 47 86 134 
61 142 53 51 91 132 
57 140 55 54 93 127 
57 145 52 51 91 127 
55 148 57 48 95 123 
51 149 52 49 95 125 
51 149 52 48 100 127 
48 154 47 44 95 131 
47 153 49 49 94 128 
45 158 46 44 91 132 
50 153 43 46 92 127 
55 151 45 50 91 132 
50 147 41 55 92 135 
51 147 38 59 87 132 
55 150 38 61 91 136 
51 151 36 56 91 136 
52 146 40 59 94 133 
49 148 37 54 92 137 
49 150 36 51 93 134 
45 153 34 50 98 139 
44 158 38 46 93 135 
42 153 34 50 91 131 
37 150 36 47 88 130 
42 151 37 50 88 130 
39 151 41 49 83 135 
43 147 36 47 86 140 
47 142 36 46 82 145 
44 146 39 48 82 145 
43 151 44 49 79 141 
47 148 48 47 82 139 
43 149 48 45 79 139 
47 149 44 45 74 134 
51 149 46 41 69 130 
48 147 48 36 69 125 
51 149 48 32 73 123 
54 149 49 37 76 118 
55 152 52 38 77 113 
51 156 55 38 77 113 
56 155 55 41 72 109 
52 156 57 37 72 114 
51 151 56 36 74 118 
55 155 55 36 70 122 
55 150 55 40 72 125 
57 148 52 38 74 128 
61 147 48 40 78 131 
61 152 45 43 77 128 
66 153 49 43 73 132 
66 149 47 43 69 128 
65 146 52 42 74 129 
66 147 51 47 69 124 
66 144 53 52 73 124 
64 143 48 54 74 124 
67 145 50 55 77 128 
71 146 47 51 76 127 
70 148 48 52 79 126 
65 146 49 52 83 122 
68 144 52 51 88 118 
66 147 53 46 92 113 
66 147 54 46 91 108 
67 144 52 49 87 113 
66 148 53 49 90 117 
68 153 55 44 86 112 
72 148 57 40 84 110 
68 151 62 40 80 107 
68 148 61 41 79 105 
71 144 65 44 83 103 
74 149 60 45 82 99 
71 151 56 42 85 101 
76 146 55 45 90 98 
72 143 54 46 91 99 
74 139 57 49 88 99 
70 134 56 52 92 99 
68 133 53 52 90 100 
67 133 58 55 92 102 
68 132 60 58 90 100 
73 130 56 57 89 100 
70 126 56 58 94 103 
72 124 56 53 98 99 
70 122 57 55 98 99 
65 124 53 59 93 101 
70 119 57 56 92 100 
67 115 57 52 90 98 
68 115 54 52 95 95 
65 118 49 49 100 96 
64 116 45 49 104 92 
62 116 43 47 104 87 
57 112 42 44 101 85 
57 110 37 49 99 80 
54 106 33 45 103 76 
53 107 32 40 99 76 
56 110 37 36 101 78 
61 112 32 37 99 83 
62 110 32 35 104 84 
61 109 32 34 104 87 
58 108 33 30 106 86 
60 108 33 35 106 83 
59 108 30 33 104 83 
54 106 25 28 99 83 
54 102 22 32 102 88 
59 106 26 35 101 92 
60 101 28 34 97 97 
63 106 24 37 97 99 
59 106 20 36 94 103 
58 108 24 38 93 100 
62 106 26 40 95 98 
61 103 27 37 98 102 
59 103 24 35 98 103 
61 100 22 39 97 100 
58 105 23 37 97 99 
57 106 20 41 102 101 
59 103 17 38 102 100 
64 108 16 41 101 99 
68 111 11 46 100 94 
64 109 14 47 101 94 
69 106 16 45 106 98 
64 108 13 42 109 99 
60 108 16 47 104 94 
63 107 13 52 100 93 
60 102 13 57 100 97 
56 105 10 55 103 96 
61 104 6 58 98 97 
59 101 11 58 93 99 
59 98 15 62 92 101 
56 102 12 67 92 103 
59 104 12 66 92 108 
56 103 16 67 90 106 
59 102 18 63 85 103 
57 104 22 61 80 98 
60 102 17 57 81 98 
58 107 18 56 80 94 
63 112 17 61 85 98 
67 114 17 63 82 99 
64 110 15 59 82 102 
67 110 15 54 84 102 
62 110 19 55 85 97 
65 110 15 53 87 96 
63 106 17 49 87 93 
63 107 16 54 88 94 
61 106 16 58 88 89 
63 111 14 54 84 87 
62 112 12 52 88 90 
62 111 14 55 84 88 
57 114 10 58 83 90 
59 114 15 56 82 93 
57 109 11 52 83 90 
54 114 7 52 79 87 
50 119 12 55 79 84 
45 122 16 58 78 81 
47 125 13 60 77 77 
52 122 13 65 78 72 
48 121 18 64 78 76 
48 122 14 69 79 75 
43 121 14 66 83 75 
46 122 16 62 85 75 
43 121 15 66 90 71 
48 122 13 62 86 75 
47 121 15 67 82 75 
49 119 11 68 82 75 
46 119 13 67 80 75 
45 117 17 67 85 79 
44 114 20 62 90 75 
47 113 24 57 95 77 
42 109 22 55 95 76 
37 109 19 54 95 75 
33 111 15 53 90 80 
36 109 15 51 95 79 
40 104 18 48 92 77 
39 108 19 46 95 79 
37 110 22 42 91 78 
35 110 24 47 95 77 
38 110 21 44 93 79 
33 107 18 45 97 80 
28 110 16 41 101 78 
25 111 21 46 106 80 
21 106 24 44 101 75 
20 101 21 43 99 70 
24 98 23 43 99 65 
26 95 28 44 99 65 
22 92 31 44 104 66 
19 87 35 39 108 71 
15 83 37 40 110 66 
12 78 39 43 108 62 
8 81 35 40 103 57 
7 83 39 36 105 58 
11 84 40 39 107 61 
16 83 37 44 108 59 
20 84 32 47 106 62 
23 82 28 51 110 62 
21 87 32 47 113 64 
24 87 27 46 114 68 
29 87 24 50 109 70 
31 90 27 46 113 72 
34 85 25 50 109 67 
36 87 22 48 104 69 
31 88 20 53 101 71 
28 85 19 50 103 73 
25 80 24 47 98 70 
27 80 28 49 101 70 
31 79 23 48 100 71 
35 74 24 45 97 70 
33 72 19 50 100 66 
36 67 21 50 95 65 
36 69 21 55 90 70 
33 66 20 53 93 73 
37 65 17 48 96 71 
38 69 16 52 100 67 
33 73 14 52 103 69 
33 76 10 56 102 73 
34 81 9 59 103 73 
32 84 6 56 99 74 
32 84 3 61 104 77 
29 79 4 56 104 78 
31 81 1 55 109 78 
27 77 1 53 107 73 
24 75 6 53 104 68 
29 71 3 52 107 66 
32 73 8 56 107 69 
34 71 13 52 110 71 
31 68 15 57 106 76 
27 66 11 54 107 77 
26 68 11 59 111 82 
30 65 14 61 110 77 
35 60 19 63 108 75 
37 65 24 63 104 73 
33 67 25 68 100 70 
32 70 24 71 104 69 
35 67 27 73 106 69 
37 68 28 78 110 69 
42 72 24 82 107 71 
47 69 19 80 103 70 
48 66 17 82 108 73 
43 64 15 77 106 77 
48 68 11 76 105 73 
51 71 15 76 107 78 
52 67 17 81 104 80 
56 68 22 85 108 76 
57 67 20 84 105 75 
56 65 16 81 109 73 
59 66 12 86 107 76 
60 64 14 86 110 75 
55 62 17 85 110 79 
56 64 13 80 115 74 
53 60 11 82 117 70 
51 56 10 86 118 68 
47 60 13 83 120 71 
42 62 8 81 123 75 
41 67 11 79 125 71 
40 62 13 76 121 66 
42 65 15 73 116 71 
41 70 12 77 118 76 
38 71 8 74 114 81 
37 70 7 79 111 85 
36 66 2 80 110 84 
32 64 7 82 115 83 
29 63 7 78 111 80 
27 66 3 80 109 78 
25 69 4 80 110 79 
30 69 3 80 112 75 
30 71 5 83 108 79 
29 70 3 79 109 75 
24 74 5 84 114 74 
24 73 3 89 111 77 
28 76 2 86 109 73 
26 72 7 88 113 75 
28 70 4 90 117 73 
30 68 7 91 119 77 
35 68 9 90 121 80 
36 70 14 85 124 79 
38 67 15 90 125 83 
38 67 11 89 129 81 
35 69 12 88 127 84 
31 67 12 90 124 82 
33 69 8 85 125 77 
29 69 4 83 120 77 
26 73 7 79 124 75 
24 78 4 76 121 78 
28 81 4 78 121 79 
30 78 1 77 120 76 
26 79 3 76 116 73 
27 77 6 76 112 70 
27 80 9 80 112 72 
23 84 9 85 113 76 
25 79 14 81 115 77 
29 82 19 79 116 76 
29 87 21 80 120 80 
26 86 21 80 125 82 
31 87 22 76 122 87 
34 90 24 79 122 88 
38 87 22 80 119 86 
40 90 24 76 118 84 
37 94 23 73 120 88 
33 90 27 68 117 93 
38 86 27 63 118 91 
40 90 26 62 119 93 
40 93 24 67 119 89 
36 89 20 63 124 92 
39 85 24 66 129 96 
39 89 26 70 133 94 
35 87 22 74 136 96 
38 89 19 70 137 95 
36 84 18 72 139 95 
33 84 22 76 134 98 
31 83 27 79 135 102 
30 81 27 75 133 103 
28 83 32 73 129 106 
30 82 36 70 126 106 
25 87 40 67 126 110 
20 82 40 70 125 115 
21 87 42 67 122 110 
24 89 41 63 127 106 
26 86 37 60 126 109 
25 88 33 61 129 104 
30 90 28 61 131 103 
25 85 30 66 136 102 
22 83 32 69 135 104 
19 79 33 64 135 107 
18 76 33 66 132 106 
14 76 34 62 133 102 
10 76 38 66 136 106 
15 81 36 63 133 111 
16 77 40 67 128 107 
18 72 41 63 130 104 
23 76 37 61 132 100 
26 72 33 63 134 103 
27 73 32 64 131 105 
31 78 30 64 136 100 
36 83 32 65 140 105 
41 82 34 69 137 108 
42 85 30 67 132 108 
37 84 29 67 133 106 
38 89 25 67 135 110 
43 91 24 70 131 106 
48 91 20 71 127 105 
47 89 18 66 126 107 
49 92 21 69 128 109 
49 94 17 74 132 112 
53 91 16 72 127 109 
50 95 11 72 126 110 
49 94 11 74 122 115 
52 93 13 69 120 120 
51 93 9 64 120 118 
49 91 6 59 117 121 
44 94 10 56 116 124 
40 96 6 61 117 122 
38 92 2 61 120 123 
40 97 1 59 121 125 
39 94 2 63 124 125 
37 90 7 58 122 125 
34 90 10 60 117 128 
32 95 12 60 113 131 
32 99 8 58 110 135 
33 103 3 61 106 131 
38 103 1 61 110 133 
43 98 6 57 105 137 
39 99 2 52 107 135 
38 99 4 48 103 137 
43 103 7 50 107 138 
47 99 11 52 103 143 
43 103 13 47 103 139 
38 100 12 43 107 137 
38 103 9 43 103 135 
34 101 11 48 101 139 
30 100 12 52 104 143 
32 105 10 56 104 138 
34 102 15 53 100 137 
32 100 13 56 97 136 
29 101 11 61 102 131 
30 106 11 63 107 134 
34 103 6 65 103 132 
34 101 6 61 101 137 
32 100 9 60 103 137 
30 103 8 55 99 134 
31 104 9 57 104 134 
34 104 9 62 105 133 
29 109 8 58 110 135 
27 109 10 61 105 133 
24 111 11 56 101 132 
22 106 13 60 104 131 
27 104 15 64 104 136 
27 103 20 66 107 131 
31 108 24 69 107 135 
36 104 25 69 106 132 
37 108 25 71 103 131 
40 107 22 67 99 127 
35 108 23 72 96 132 
36 104 19 77 99 131 
33 103 22 73 96 128 
28 104 21 73 99 130 
33 107 18 78 97 132 
33 112 15 79 97 136 
36 109 20 79 101 137 
34 104 15 74 102 134 
35 108 14 77 105 136 
35 105 17 79 103 140 
39 102 13 76 105 143 
39 97 15 73 104 148 
40 94 17 78 104 152 
35 93 14 83 101 155 
30 94 9 82 102 156 
25 99 6 84 98 152 
29 96 9 89 94 149 
27 94 7 85 97 150 
29 92 12 82 97 154 
32 97 11 85 93 159 
27 102 6 90 90 158 
28 100 3 92 94 157 
24 97 5 87 98 160 
19 99 10 90 96 159 
22 97 8 95 93 160 
24 101 3 90 97 158 
20 101 2 93 101 158 
18 101 1 88 100 161 
21 101 3 88 99 157 
19 96 3 91 100 161 
20 91 8 90 97 160 
21 91 9 91 94 163 
22 92 8 91 91 163 
25 92 3 86 96 164 
23 96 1 87 91 159 
19 99 5 86 87 158 
18 103 7 88 92 155 
23 101 7 92 92 152 
23 99 8 88 87 150 
26 103 12 84 92 151 
31 100 15 88 95 156 
34 96 19 91 97 152 
32 96 17 93 96 152 
29 96 17 94 98 156 
26 94 15 90 101 155 
24 95 13 95 102 151 
27 90 18 93 102 147 
